11111111 0111110110 01,

uuam 1111111111. 13. 111- foen· 1111110111 13131 mnu “

1111 equos 7141- 0101711111 moi 01411· ι3166. 10011· 11111061
9109060109,10,1100111 ocu 0111011 4.,66.10011 6401111111
101.11101101101113,144 6416 901106110111011111179.
11111110 faciamque· 0171111 110111 60110111 441 14117111 1011111
71110106, 493. “. · 1116110161,,4111,10170111000- ,
flet, 6 lacrima 0001711111 1111019, 43,
010101,οκ001013,101. 60611 ,40101011040610111111110
0001111101 1110101 10,,30. 1110· 1111111141... 1110101 64611
1001 ,rodum ,,1111111107 146 101110 1111101106,,1311.11101111’
flamm labellis 10101611 61 1114010113,,1-43. 010100 11010610

076. 61111 1011110110 011 13, 111111 14, 64., 40741111 1111 11111114
136. . . · 07311700 haec 1111111111 1011401,

Flora non 1111611 cauum 111110 quae W? 3614 44· .

4 49.¹ , , , 1001111111 060 7111111107, 3. 101·
Florae 010011 1111100 10604011 1110 6000101 1111111 14, 1130,
14,061. 101110 cantus. 111111 7110111101 16
16101011 11161 1140116100 11111 7101041100 7111171113 003. 10111144 .
1101106, 030. , · 0101117111 1111101118, 183. 10011101

Γ [0111111101 1011118, 99. , 00101 01101100 9011001 4, 141 ’

,,111016610,,1011·013,36 60· 1011111111 1100 1111711111111611711 un·-
1110010040111111011110010010 em, 30

13, 30. ,· . « ·6004111 μι4ι111106161073
1117401100 1111401111 11100 111011 103. , , .
1110100111011111119, 107. Fumo, 1131111100.. ἶ
mactum 0116011111 1110111 6110111011 01 0071111001 1071111111
310. 11110111 000101 01110101 1111110010111,3,14,ι 111000 111001
11,94.7100111 1111111110. 30 7161110 11111010 ,106001 mdicn4

7110100101 14196. 1101111171 6, 341. rme 10110 00100110
16000190001116,90.6110116111 011 11, 70.

1060011110, 136, , heum, 1. 11111111. , 1
610010011600103, 74 1111· 11011111,1,.1611111 ·’

11111111 71100111 hic, 1610 011101001601111111 9111111110 umbi, 34 1

0791111 1101110101 13, 7. 11111111 463.
01 07011 uodo 7110110011 1ο. ·1.·161111111 61671100 credin 010
177. conduceres, 31 10611111111113,106,,’

11111011 111 16011167611110013 Follem veterem 01101 1011 104
1416, 093. 61111111 umqum u'g'm 60111111 13, 61. 10110
10 111111 mni· 3013111110· 1661· 11010 1011111 1171111101 ·14, 0311

13, 69111110 3,-74. 10101101· 1061101111711101100111110 mend ’

mz- · ¹ 1110117,111.1“011161111117111101·,
Focum 1100011 11101111 -,3 111011 111111 10, 6·1.· ·

160 bom 04104101· (0101116611
Focum 1111111111 7101100113, 971 occultis 10,41.11141011.111141117

 

